$ 1 0.000002834467120181406 382.76258214399064 50 5 43 5e-11
r 80 256 160 256 0 33000
c 160 256 160 336 0 2.2e-10 0.06437996340395559 0.001
g 160 336 160 352 0 0
w 160 256 224 256 0
174 224 256 224 320 1 1000000 0.005 Resistance
g 224 320 224 352 0 0
w 240 288 272 288 0
w 272 288 272 256 0
w 272 256 304 256 0
j 304 256 336 256 32 -0.75 0.0017
r 336 272 336 336 0 1000
g 336 336 336 352 0 0
r 336 240 336 176 0 18500
R 336 176 336 144 0 0 40 9 0 0 0.5
c 336 240 432 240 0 4.7000000000000004e-8 0.0010000003082435427 0.001
c 400 272 400 336 0 0.000047 0.2005626764309083 0.001
g 400 336 400 352 0 0
s 336 272 400 272 0 0 false
r 432 144 480 144 0 200000
411 32 256 16 256 0 1 40 5 0 0 0.5 2 0 1
211 432 240 560 240 0 15 44100 1
c 32 256 80 256 0 2.2e-7 0.15224879545278092 0.001
o 19 4 0 4099 2.5 0.00009765625 0 2 19 3
